34,35
24,1225
24,1219
24,1216
24,1209
24,1206
24,1202
24,1194
24,1191
24,1183
24,1180
24,1175
24,1172
24,1167
24,1165
24,1163
24,1159
24,1152
24,1132
24,1128
24,1125
24,1124
24,1118
24,1116
24,1112
24,1107
24,1104
24,1102
24,1099
24,1093
24,1092
24,1080
24,1077
24,1075
24,1071
24,1067
24,1065
24,1060
24,1056
24,1049
24,1043
24,1032
24,1027
24,1024
24,1010
24,1004
24,1000
24,997
24,985
24,977
24,975
24,970
24,966
24,960
24,946
24,943
24,930
24,923
24,917
24,915
24,905
24,901
24,900
24,897
24,881
24,880
24,867
24,864
24,861
24,857
24,850
24,843
24,840
24,832
24,820
24,819
24,815
24,812
24,805
24,799
24,795
24,791
24,783
24,768
24,759
24,751
24,744
24,738
24,736
24,734
24,721
24,717
24,710
24,704
24,683
24,678
24,668
24,661
24,659
24,655
24,649
24,641
24,640
24,630
24,629
24,615
24,599
24,592
24,589
24,581
24,560
24,548
24,536
24,526
24,520
24,517
24,512
24,497
24,490
24,478
24,470
24,466
24,460
24,449
24,432
24,428
24,417
24,406
24,402
24,397
24,392
24,373
24,361
24,341
